63 3.9465e+06 79 3.26716e+06 80 4.58392e+06 81 4.65261e+06 83 4.79519e+06 87 5.19239e+06 95 5.83332e+06 
63 3.28691e+06 79 3.73099e+06 83 3.83455e+06 85 3.91792e+06 86 3.96935e+06 87 4.01743e+06 95 4.40251e+06 
63 3.6371e+06 71 3.89269e+06 73 3.90672e+06 74 3.94497e+06 75 4.02261e+06 79 4.17782e+06 95 5.13765e+06 
31 3.50427e+06 47 3.89984e+06 51 3.93171e+06 53 3.99985e+06 54 4.04181e+06 55 4.08071e+06 63 4.40516e+06 
63 3.48766e+06 79 3.96539e+06 80 3.98909e+06 81 4.00894e+06 83 4.09876e+06 87 4.30658e+06 95 4.8019e+06 
31 3.56739e+06 47 3.92668e+06 49 3.94434e+06 50 3.98057e+06 51 4.01615e+06 55 4.12442e+06 63 4.44339e+06 
63 3.43334e+06 79 3.85937e+06 83 3.97081e+06 84 3.97823e+06 85 4.02921e+06 87 4.13387e+06 95 4.54895e+06 
63 3.83693e+06 67 3.91859e+06 69 3.99744e+06 70 4.03467e+06 71 4.08785e+06 79 4.41603e+06 95 5.5992e+06 
31 3.55225e+06 47 3.90343e+06 49 3.93256e+06 50 3.99785e+06 51 4.00312e+06 55 4.13668e+06 63 4.42339e+06 
63 3.4916e+06 79 3.9726e+06 81 3.99817e+06 82 4.0511e+06 83 4.09795e+06 87 4.31071e+06 95 4.75563e+06 
63 3.26063e+06 79 3.67183e+06 87 3.94751e+06 89 3.96834e+06 90 4.01914e+06 91 4.06995e+06 95 4.28549e+06 
63 3.7449e+06 67 3.84316e+06 69 3.91928e+06 70 3.96518e+06 71 4.00518e+06 79 4.32453e+06 95 5.52797e+06 
31 3.34708e+06 47 3.70568e+06 55 3.88653e+06 59 3.98173e+06 60 4.01056e+06 61 4.04819e+06 63 4.14425e+06 
31 3.32685e+06 47 3.6614e+06 55 3.8572e+06 59 3.94208e+06 60 3.97544e+06 61 4.01188e+06 63 4.07104e+06 
63 3.73957e+06 67 3.84328e+06 69 3.90811e+06 70 3.9527e+06 71 4.0249e+06 79 4.27457e+06 95 5.35368e+06 
63 3.53288e+06 71 3.75095e+06 75 3.85763e+06 77 3.9284e+06 78 3.97536e+06 79 4.0582e+06 95 4.85583e+06 
63 3.37706e+06 79 3.85439e+06 83 3.96803e+06 84 4.01922e+06 85 4.09166e+06 87 4.16548e+06 95 4.60044e+06 
63 3.64149e+06 71 3.87988e+06 75 3.9719e+06 76 4.01107e+06 77 4.05487e+06 79 4.15786e+06 95 5.09962e+06 
63 3.12443e+06 79 3.52596e+06 87 3.78323e+06 91 3.89779e+06 92 3.93885e+06 93 4.0264e+06 95 4.12355e+06 
63 3.19567e+06 79 3.65245e+06 87 3.91734e+06 89 3.94009e+06 90 3.97379e+06 91 4.06002e+06 95 4.25268e+06 
63 3.27194e+06 79 3.7052e+06 87 3.98533e+06 88 3.99559e+06 89 4.01413e+06 91 4.12605e+06 95 4.35862e+06 
63 3.9356e+06 65 3.92938e+06 66 3.99863e+06 67 4.00806e+06 71 4.14214e+06 79 4.47664e+06 95 5.69609e+06 
31 3.2548e+06 47 3.58884e+06 55 3.79454e+06 59 3.88749e+06 61 3.95487e+06 62 3.9955e+06 63 4.03609e+06 
63 3.67528e+06 71 3.91483e+06 73 3.9382e+06 74 3.98085e+06 75 4.01505e+06 79 4.20827e+06 95 5.21191e+06 
31 3.27225e+06 47 3.60115e+06 55 3.79587e+06 59 3.88674e+06 61 3.95135e+06 62 3.9786e+06 63 4.01975e+06 
63 3.5487e+06 71 3.7888e+06 75 3.86615e+06 77 3.94749e+06 78 3.98179e+06 79 4.03441e+06 95 4.80467e+06 
63 3.76893e+06 67 3.88076e+06 69 3.95635e+06 70 3.98623e+06 71 4.06014e+06 79 4.34557e+06 95 5.40357e+06 
63 3.75571e+06 71 3.98033e+06 72 3.9566e+06 73 4.02751e+06 75 4.11929e+06 79 4.24512e+06 95 5.23392e+06 
63 3.55162e+06 71 3.79581e+06 75 3.93136e+06 77 3.96847e+06 78 4.02541e+06 79 4.04105e+06 95 4.85845e+06 
63 3.5048e+06 79 3.97664e+06 80 3.95867e+06 81 4.00513e+06 83 4.09399e+06 87 4.31076e+06 95 4.78983e+06 
31 3.50563e+06 47 3.86381e+06 51 3.99207e+06 52 3.98899e+06 53 4.06172e+06 55 4.10895e+06 63 4.38996e+06 
