1	2.83295e+06
2	2.8508e+06
3	2.86195e+06
4	2.87311e+06
5	2.90342e+06
6	2.90196e+06
7	2.93185e+06
8	2.90602e+06
9	2.93605e+06
10	2.93482e+06
11	2.94955e+06
12	2.96334e+06
13	2.97748e+06
14	3.01104e+06
15	3.01045e+06
16	3.00009e+06
17	3.01463e+06
18	3.03413e+06
19	3.0517e+06
20	3.06629e+06
21	3.10372e+06
22	3.10643e+06
23	3.12631e+06
24	3.11444e+06
25	3.15467e+06
26	3.17512e+06
27	3.17989e+06
28	3.19786e+06
29	3.22157e+06
30	3.24643e+06
31	3.29439e+06
32	3.25627e+06
33	3.29976e+06
34	3.30601e+06
35	3.35673e+06
36	3.37892e+06
37	3.38153e+06
38	3.4372e+06
39	3.44017e+06
40	3.42552e+06
41	3.45222e+06
42	3.50316e+06
43	3.51014e+06
44	3.55941e+06
45	3.58925e+06
46	3.59478e+06
47	3.62456e+06
48	3.63161e+06
49	3.66407e+06
50	3.6954e+06
51	3.69905e+06
52	3.7537e+06
53	3.75647e+06
54	3.79238e+06
55	3.85272e+06
56	3.83302e+06
57	3.83987e+06
58	3.87532e+06
59	3.91228e+06
60	3.94315e+06
61	3.97776e+06
62	4.02148e+06
63	4.0539e+06
64	4.02933e+06
65	4.06867e+06
66	4.10885e+06
67	4.15154e+06
68	4.19247e+06
69	4.26822e+06
70	4.28138e+06
71	4.36726e+06
72	4.30818e+06
73	4.33377e+06
74	4.38817e+06
75	4.47877e+06
76	4.48908e+06
77	4.54345e+06
78	4.65754e+06
79	4.71513e+06
80	4.63829e+06
81	4.71174e+06
82	4.83201e+06
83	4.87181e+06
84	4.93988e+06
85	5.08375e+06
86	5.16275e+06
87	5.27552e+06
88	5.24548e+06
89	5.35304e+06
90	5.44618e+06
91	5.54175e+06
92	5.67409e+06
93	5.69368e+06
94	5.76833e+06
95	5.83973e+06
96	5.87358e+06
97	5.95935e+06
98	6.04017e+06
99	6.11307e+06
100	6.10929e+06
101	6.27142e+06
102	6.28781e+06
103	6.37541e+06
104	6.35724e+06
105	6.44069e+06
106	6.64103e+06
107	6.65295e+06
108	6.75735e+06
109	6.86704e+06
110	6.99366e+06
111	7.11806e+06
112	7.10331e+06
113	7.21333e+06
114	7.36075e+06
115	7.49269e+06
116	7.63365e+06
117	7.78587e+06
118	7.95742e+06
119	8.24664e+06
120	8.10652e+06
121	8.28417e+06
122	8.47224e+06
123	8.6575e+06
124	8.97581e+06
125	9.19589e+06
126	9.42812e+06
127	9.65049e+06
